12  15
1   2   9920000 1   1   100 100 84  34  84  34
2   5   9920000 1176    1   100 100 84  34  96  30
2   6   2480000 587 1   100 100 84  34  86  40
2   12  9920000 846 1   100 100 84  34  77  39
3   6   9920000 260 1   100 100 88  42  86  40
3   9   9920000 700 1   100 100 88  42  74  41
4   7   9920000 639 1   100 100 105 41  97  39
4   10  9920000 1295 1   100 100    105 41  122 37
4   11  9920000 2095    1   100 100 105 41  122 48
5   7   9920000 902 1   100 100 96  30  97  39
5   8   9920000 1893 1   100 100    96  30  118 34
6   7   9920000 548 1   100 100 86  40  97  39
8   10  9920000 366 1   100 100 118 34  122 37
9   12  9920000 233 1   100 100 74  41  77  39
10  11  9920000 861 1   100 100 122 37  122 48